wandb_version: 1

model.beta1:
  value: 0.8135136415927384
model.beta2:
  value: 0.938296474331804
