wandb_version: 1

model.beta1:
  value: 0.8528739527343278
model.beta2:
  value: 0.8738809197504303
