wandb_version: 1

model.beta1:
  value: 0.8559080830593282
model.beta2:
  value: 0.8251145369379936
