wandb_version: 1

model.beta1:
  value: 0.8027049007418202
model.beta2:
  value: 0.8708297818862225
