wandb_version: 1

model.beta1:
  value: 0.9394569632207946
model.beta2:
  value: 0.9569224495239907
