wandb_version: 1

model.beta1:
  value: 0.8889122405603023
model.beta2:
  value: 0.9855264723286016
