wandb_version: 1

model.beta1:
  value: 0.9314362419558662
model.beta2:
  value: 0.8741491462252389
