wandb_version: 1

model.beta1:
  value: 0.9030271478071316
model.beta2:
  value: 0.6155832933072738
