wandb_version: 1

model.beta1:
  value: 0.7484328506212802
model.beta2:
  value: 0.846638984260658
