wandb_version: 1

model.beta1:
  value: 0.9444619604293092
model.beta2:
  value: 0.9482561339666856
