wandb_version: 1

model.beta1:
  value: 0.9989670313947084
model.beta2:
  value: 0.8730095474895976
