wandb_version: 1

model.beta1:
  value: 0.808911959703548
model.beta2:
  value: 0.6966463304958292
